130.8127826503 5 C   48  
138.5913154884 5 Db  49  
146.8323839587 5 D   50  
155.5634918610 5 Eb  51  
164.8137784564 5 E   52  
174.6141157165 5 F   53  
184.9972113558 5 Gb  54  
195.9977179909 5 G   55  
207.6523487900 5 Ab  56  
220.0000000000 5 A   57  
233.0818807590 5 Bb  58  
246.9416506281 5 B   59  
261.6255653006 6 C   60  
277.1826309769 6 Db  61  
293.6647679174 6 D   62  
311.1269837221 6 Eb  63  
329.6275569129 6 E   64  
349.2282314330 6 F   65  
369.9944227116 6 Gb  66  
391.9954359817 6 G   67  
415.3046975799 6 Ab  68  
440.0000000000 6 A   69  
466.1637615181 6 Bb  70  
493.8833012561 6 B   71  
523.2511306012 7 C   72  
554.3652619537 7 Db  73  
587.3295358348 7 D   74  
622.2539674442 7 Eb  75  
659.2551138257 7 E   76  
698.4564628660 7 F   77  
739.9888454233 7 Gb  78  
783.9908719635 7 G   79  
830.6093951599 7 Ab  80  
880.0000000000 7 A   81  
932.3275230362 7 Bb  82  
987.7666025122 7 B   83  
